0 0 0 4.9E-324 1.7976931348623157E308
0 0 1 0.0 2.0
0 0 2 0.0 3.0
0 0 3 0.0 2.0
0 0 4 0.0 2.4000000000000004
0 0 5 0.0 2.301585822275002
0 0 6 0.0 2.2857142857142856
0 0 7 0.0 2.301585822275002
0 0 8 0.0 2.301585822275002
0 0 9 0.0 2.4000000000000004
0 0 10 0.0 2.42535625036333
0 0 11 0.0 2.2283440581246223
0 1 0 0.0 2.0
0 1 1 4.9E-324 1.7976931348623157E308
0 1 2 0.0 2.0
0 1 3 0.0 3.0
0 1 4 0.0 1.046305448324118
0 1 5 0.0 0.8784609690826527
0 1 6 0.0 0.936462718850362
0 1 7 0.0 1.0728316079736104
0 1 8 0.0 3.1223437800787166
0 1 9 0.0 3.4225339336450253
0 1 10 0.0 3.2784609690826523
0 1 11 0.0 2.828354610742254
0 2 0 0.0 3.0
0 2 1 0.0 2.0
0 2 2 4.9E-324 1.7976931348623157E308
0 2 3 0.0 2.0
0 2 4 1.7976931348623157E308 4.9E-324
0 2 5 1.7976931348623157E308 4.9E-324
0 2 6 1.7976931348623157E308 4.9E-324
0 2 7 1.7976931348623157E308 4.9E-324
0 2 8 0.756756756756757 7.0
0 2 9 1.6551724137931032 6.0
0 2 10 5.551115123125783E-16 1.176470588235294
0 2 11 1.7976931348623157E308 4.9E-324
0 3 0 0.0 2.0
0 3 1 0.0 3.0
0 3 2 0.0 2.0
0 3 3 4.9E-324 1.7976931348623157E308
0 3 4 0.0 1.046305448324118
0 3 5 0.0 1.0728316079736104
0 3 6 0.0 0.936462718850362
0 3 7 0.0 0.8784609690826527
0 3 8 0.0 0.8784609690826527
0 3 9 0.0 1.046305448324118
0 3 10 0.0 0.9760677434251696
0 3 11 0.0 0.7885722787848848
0 4 0 3.5999999999999996 6.0
0 4 1 3.953694551675882 5.0
0 4 2 1.7976931348623157E308 4.9E-324
0 4 3 3.953694551675882 5.0
0 4 4 1.7976931348623157E308 4.9E-324
0 4 5 1.7976931348623157E308 4.9E-324
0 4 6 1.7976931348623157E308 4.9E-324
0 4 7 1.7976931348623157E308 4.9E-324
0 4 8 1.7976931348623157E308 4.9E-324
0 4 9 1.7976931348623157E308 4.9E-324
0 4 10 1.7976931348623157E308 4.9E-324
0 4 11 1.7976931348623157E308 4.9E-324
0 5 0 4.698414177724998 7.0
0 5 1 5.121539030917347 6.0
0 5 2 1.7976931348623157E308 4.9E-324
0 5 3 4.92716839202639 6.0
0 5 4 1.7976931348623157E308 4.9E-324
0 5 5 1.7976931348623157E308 4.9E-324
0 5 6 1.7976931348623157E308 4.9E-324
0 5 7 1.7976931348623157E308 4.9E-324
0 5 8 1.7976931348623157E308 4.9E-324
0 5 9 1.7976931348623157E308 4.9E-324
0 5 10 1.7976931348623157E308 4.9E-324
0 5 11 1.7976931348623157E308 4.9E-324
0 6 0 5.714285714285714 8.0
0 6 1 6.063537281149638 7.0
0 6 2 1.7976931348623157E308 4.9E-324
0 6 3 6.063537281149638 7.0
0 6 4 1.7976931348623157E308 4.9E-324
0 6 5 1.7976931348623157E308 4.9E-324
0 6 6 1.7976931348623157E308 4.9E-324
0 6 7 1.7976931348623157E308 4.9E-324
0 6 8 1.7976931348623157E308 4.9E-324
0 6 9 1.7976931348623157E308 4.9E-324
0 6 10 1.7976931348623157E308 4.9E-324
0 6 11 1.7976931348623157E308 4.9E-324
0 7 0 4.698414177724998 7.0
0 7 1 4.92716839202639 6.0
0 7 2 1.7976931348623157E308 4.9E-324
0 7 3 5.121539030917347 6.0
0 7 4 1.7976931348623157E308 4.9E-324
0 7 5 1.7976931348623157E308 4.9E-324
0 7 6 1.7976931348623157E308 4.9E-324
0 7 7 1.7976931348623157E308 4.9E-324
0 7 8 1.7976931348623157E308 4.9E-324
0 7 9 1.7976931348623157E308 4.9E-324
0 7 10 1.7976931348623157E308 4.9E-324
0 7 11 1.7976931348623157E308 4.9E-324
0 8 0 4.698414177724998 7.0
0 8 1 4.877656219921283 8.0
0 8 2 0.0 6.243243243243243
0 8 3 5.121539030917347 6.0
0 8 4 1.7976931348623157E308 4.9E-324
0 8 5 1.7976931348623157E308 4.9E-324
0 8 6 1.7976931348623157E308 4.9E-324
0 8 7 1.7976931348623157E308 4.9E-324
0 8 8 1.7976931348623157E308 4.9E-324
0 8 9 1.7976931348623157E308 4.9E-324
0 8 10 1.7976931348623157E308 4.9E-324
0 8 11 1.7976931348623157E308 4.9E-324
0 9 0 3.5999999999999996 6.0
0 9 1 3.5774660663549747 7.0
0 9 2 0.0 4.344827586206897
0 9 3 3.953694551675882 5.0
0 9 4 1.7976931348623157E308 4.9E-324
0 9 5 1.7976931348623157E308 4.9E-324
0 9 6 1.7976931348623157E308 4.9E-324
0 9 7 1.7976931348623157E308 4.9E-324
0 9 8 1.7976931348623157E308 4.9E-324
0 9 9 1.7976931348623157E308 4.9E-324
0 9 10 1.7976931348623157E308 4.9E-324
0 9 11 1.7976931348623157E308 4.9E-324
0 10 0 2.57464374963667 5.0
0 10 1 2.7215390309173477 6.0
0 10 2 3.823529411764706 4.999999999999999
0 10 3 3.0239322565748306 4.0
0 10 4 1.7976931348623157E308 4.9E-324
0 10 5 1.7976931348623157E308 4.9E-324
0 10 6 1.7976931348623157E308 4.9E-324
0 10 7 1.7976931348623157E308 4.9E-324
0 10 8 1.7976931348623157E308 4.9E-324
0 10 9 1.7976931348623157E308 4.9E-324
0 10 10 1.7976931348623157E308 4.9E-324
0 10 11 1.7976931348623157E308 4.9E-324
0 11 0 3.7716559418753777 6.0
0 11 1 4.171645389257746 7.0
0 11 2 1.7976931348623157E308 4.9E-324
0 11 3 4.211427721215115 5.0
0 11 4 1.7976931348623157E308 4.9E-324
0 11 5 1.7976931348623157E308 4.9E-324
0 11 6 1.7976931348623157E308 4.9E-324
0 11 7 1.7976931348623157E308 4.9E-324
0 11 8 1.7976931348623157E308 4.9E-324
0 11 9 1.7976931348623157E308 4.9E-324
0 11 10 1.7976931348623157E308 4.9E-324
0 11 11 1.7976931348623157E308 4.9E-324
1 0 0 4.9E-324 1.7976931348623157E308
1 0 1 0.0 2.0
1 0 2 0.0 3.0
1 0 3 0.0 2.0
1 0 4 0.0 3.2784609690826523
1 0 5 0.0 3.4225339336450253
1 0 6 0.0 3.1223437800787166
1 0 7 0.0 2.828354610742254
1 0 8 0.0 0.9364627188503615
1 0 9 0.0 0.8784609690826527
1 0 10 0.0 1.046305448324118
1 0 11 0.0 1.07283160797361
1 1 0 0.0 2.0
1 1 1 4.9E-324 1.7976931348623157E308
1 1 2 0.0 2.0
1 1 3 0.0 3.0
1 1 4 0.0 2.42535625036333
1 1 5 0.0 2.4000000000000004
1 1 6 0.0 2.301585822275002
1 1 7 0.0 2.2283440581246223
1 1 8 0.0 2.2857142857142856
1 1 9 0.0 2.301585822275002
1 1 10 0.0 2.4000000000000004
1 1 11 0.0 2.301585822275002
1 2 0 0.0 3.0
1 2 1 0.0 2.0
1 2 2 4.9E-324 1.7976931348623157E308
1 2 3 0.0 2.0
1 2 4 0.0 0.9760677434251696
1 2 5 0.0 1.046305448324118
1 2 6 0.0 0.8784609690826527
1 2 7 0.0 0.7885722787848848
1 2 8 0.0 0.9364627188503615
1 2 9 0.0 1.07283160797361
1 2 10 0.0 1.046305448324118
1 2 11 0.0 0.8784609690826527
1 3 0 0.0 2.0
1 3 1 0.0 3.0
1 3 2 0.0 2.0
1 3 3 4.9E-324 1.7976931348623157E308
1 3 4 1.176470588235294 5.0
1 3 5 1.6551724137931032 6.0
1 3 6 0.756756756756757 7.0
1 3 7 1.7976931348623157E308 4.9E-324
1 3 8 1.7976931348623157E308 4.9E-324
1 3 9 1.7976931348623157E308 4.9E-324
1 3 10 1.7976931348623157E308 4.9E-324
1 3 11 1.7976931348623157E308 4.9E-324
1 4 0 2.7215390309173477 6.0
1 4 1 2.57464374963667 5.0
1 4 2 3.0239322565748306 4.0
1 4 3 0.0 3.823529411764706
1 4 4 1.7976931348623157E308 4.9E-324
1 4 5 1.7976931348623157E308 4.9E-324
1 4 6 1.7976931348623157E308 4.9E-324
1 4 7 1.7976931348623157E308 4.9E-324
1 4 8 1.7976931348623157E308 4.9E-324
1 4 9 1.7976931348623157E308 4.9E-324
1 4 10 1.7976931348623157E308 4.9E-324
1 4 11 1.7976931348623157E308 4.9E-324
1 5 0 3.5774660663549747 7.0
1 5 1 3.5999999999999996 6.0
1 5 2 3.953694551675882 5.0
1 5 3 0.0 4.344827586206897
1 5 4 1.7976931348623157E308 4.9E-324
1 5 5 1.7976931348623157E308 4.9E-324
1 5 6 1.7976931348623157E308 4.9E-324
1 5 7 1.7976931348623157E308 4.9E-324
1 5 8 1.7976931348623157E308 4.9E-324
1 5 9 1.7976931348623157E308 4.9E-324
1 5 10 1.7976931348623157E308 4.9E-324
1 5 11 1.7976931348623157E308 4.9E-324
1 6 0 4.877656219921283 8.0
1 6 1 4.698414177724998 7.0
1 6 2 5.121539030917347 6.0
1 6 3 0.0 6.243243243243243
1 6 4 1.7976931348623157E308 4.9E-324
1 6 5 1.7976931348623157E308 4.9E-324
1 6 6 1.7976931348623157E308 4.9E-324
1 6 7 1.7976931348623157E308 4.9E-324
1 6 8 1.7976931348623157E308 4.9E-324
1 6 9 1.7976931348623157E308 4.9E-324
1 6 10 1.7976931348623157E308 4.9E-324
1 6 11 1.7976931348623157E308 4.9E-324
1 7 0 4.171645389257746 7.0
1 7 1 3.7716559418753777 6.0
1 7 2 4.211427721215115 5.0
1 7 3 1.7976931348623157E308 4.9E-324
1 7 4 1.7976931348623157E308 4.9E-324
1 7 5 1.7976931348623157E308 4.9E-324
1 7 6 1.7976931348623157E308 4.9E-324
1 7 7 1.7976931348623157E308 4.9E-324
1 7 8 1.7976931348623157E308 4.9E-324
1 7 9 1.7976931348623157E308 4.9E-324
1 7 10 1.7976931348623157E308 4.9E-324
1 7 11 1.7976931348623157E308 4.9E-324
1 8 0 6.063537281149639 7.0
1 8 1 5.714285714285714 8.0
1 8 2 6.063537281149639 7.0
1 8 3 1.7976931348623157E308 4.9E-324
1 8 4 1.7976931348623157E308 4.9E-324
1 8 5 1.7976931348623157E308 4.9E-324
1 8 6 1.7976931348623157E308 4.9E-324
1 8 7 1.7976931348623157E308 4.9E-324
1 8 8 1.7976931348623157E308 4.9E-324
1 8 9 1.7976931348623157E308 4.9E-324
1 8 10 1.7976931348623157E308 4.9E-324
1 8 11 1.7976931348623157E308 4.9E-324
1 9 0 5.121539030917347 6.0
1 9 1 4.698414177724998 7.0
1 9 2 4.92716839202639 6.0
1 9 3 1.7976931348623157E308 4.9E-324
1 9 4 1.7976931348623157E308 4.9E-324
1 9 5 1.7976931348623157E308 4.9E-324
1 9 6 1.7976931348623157E308 4.9E-324
1 9 7 1.7976931348623157E308 4.9E-324
1 9 8 1.7976931348623157E308 4.9E-324
1 9 9 1.7976931348623157E308 4.9E-324
1 9 10 1.7976931348623157E308 4.9E-324
1 9 11 1.7976931348623157E308 4.9E-324
1 10 0 3.953694551675882 5.0
1 10 1 3.5999999999999996 6.0
1 10 2 3.953694551675882 5.0
1 10 3 1.7976931348623157E308 4.9E-324
1 10 4 1.7976931348623157E308 4.9E-324
1 10 5 1.7976931348623157E308 4.9E-324
1 10 6 1.7976931348623157E308 4.9E-324
1 10 7 1.7976931348623157E308 4.9E-324
1 10 8 1.7976931348623157E308 4.9E-324
1 10 9 1.7976931348623157E308 4.9E-324
1 10 10 1.7976931348623157E308 4.9E-324
1 10 11 1.7976931348623157E308 4.9E-324
1 11 0 4.92716839202639 6.0
1 11 1 4.698414177724998 7.0
1 11 2 5.121539030917347 6.0
1 11 3 1.7976931348623157E308 4.9E-324
1 11 4 1.7976931348623157E308 4.9E-324
1 11 5 1.7976931348623157E308 4.9E-324
1 11 6 1.7976931348623157E308 4.9E-324
1 11 7 1.7976931348623157E308 4.9E-324
1 11 8 1.7976931348623157E308 4.9E-324
1 11 9 1.7976931348623157E308 4.9E-324
1 11 10 1.7976931348623157E308 4.9E-324
1 11 11 1.7976931348623157E308 4.9E-324
2 0 0 4.9E-324 1.7976931348623157E308
2 0 1 0.0 2.0
2 0 2 0.0 3.0
2 0 3 0.0 2.0
2 0 4 4.8 6.0
2 0 5 4.54054054054054 7.0
2 0 6 4.571428571428571 8.0
2 0 7 4.54054054054054 7.0
2 0 8 0.756756756756757 7.0
2 0 9 1.7976931348623157E308 4.9E-324
2 0 10 5.551115123125783E-16 1.176470588235294
2 0 11 1.6551724137931032 6.0
2 1 0 0.0 2.0
2 1 1 4.9E-324 1.7976931348623157E308
2 1 2 0.0 2.0
2 1 3 0.0 3.0
2 1 4 0.0 3.7297487493731203
2 1 5 0.0 3.2784609690826523
2 1 6 0.0 3.4225339336450253
2 1 7 0.0 3.5884304343700553
2 1 8 0.0 3.1223437800787166
2 1 9 0.0 2.828354610742254
2 1 10 0.0 3.2784609690826523
2 1 11 0.0 3.4225339336450253
2 2 0 0.0 3.0
2 2 1 0.0 2.0
2 2 2 4.9E-324 1.7976931348623157E308
2 2 3 0.0 2.0
2 2 4 0.0 2.6666666666666665
2 2 5 0.0 2.42535625036333
2 2 6 0.0 2.4000000000000004
2 2 7 0.0 2.42535625036333
2 2 8 0.0 2.301585822275002
2 2 9 0.0 2.2283440581246223
2 2 10 0.0 2.42535625036333
2 2 11 0.0 2.4000000000000004
2 3 0 0.0 2.0
2 3 1 0.0 3.0
2 3 2 0.0 2.0
2 3 3 4.9E-324 1.7976931348623157E308
2 3 4 0.0 3.7297487493731203
2 3 5 0.0 3.5884304343700553
2 3 6 0.0 3.4225339336450253
2 3 7 0.0 3.2784609690826523
2 3 8 0.0 0.8784609690826527
2 3 9 0.0 0.7885722787848848
2 3 10 0.0 0.9760677434251696
2 3 11 0.0 1.046305448324118
2 4 0 0.0 1.2000000000000002
2 4 1 1.2702512506268797 5.0
2 4 2 1.3333333333333335 4.0
2 4 3 1.2702512506268797 5.0
2 4 4 1.7976931348623157E308 4.9E-324
2 4 5 1.7976931348623157E308 4.9E-324
2 4 6 1.7976931348623157E308 4.9E-324
2 4 7 1.7976931348623157E308 4.9E-324
2 4 8 1.7976931348623157E308 4.9E-324
2 4 9 1.7976931348623157E308 4.9E-324
2 4 10 1.7976931348623157E308 4.9E-324
2 4 11 1.7976931348623157E308 4.9E-324
2 5 0 0.0 2.459459459459459
2 5 1 2.7215390309173477 6.0
2 5 2 2.57464374963667 5.0
2 5 3 2.4115695656299447 6.0
2 5 4 1.7976931348623157E308 4.9E-324
2 5 5 1.7976931348623157E308 4.9E-324
2 5 6 1.7976931348623157E308 4.9E-324
2 5 7 1.7976931348623157E308 4.9E-324
2 5 8 1.7976931348623157E308 4.9E-324
2 5 9 1.7976931348623157E308 4.9E-324
2 5 10 1.7976931348623157E308 4.9E-324
2 5 11 1.7976931348623157E308 4.9E-324
2 6 0 0.0 3.4285714285714284
2 6 1 3.5774660663549747 7.0
2 6 2 3.5999999999999996 6.0
2 6 3 3.5774660663549747 7.0
2 6 4 1.7976931348623157E308 4.9E-324
2 6 5 1.7976931348623157E308 4.9E-324
2 6 6 1.7976931348623157E308 4.9E-324
2 6 7 1.7976931348623157E308 4.9E-324
2 6 8 1.7976931348623157E308 4.9E-324
2 6 9 1.7976931348623157E308 4.9E-324
2 6 10 1.7976931348623157E308 4.9E-324
2 6 11 1.7976931348623157E308 4.9E-324
2 7 0 0.0 2.459459459459459
2 7 1 2.4115695656299447 6.0
2 7 2 2.57464374963667 5.0
2 7 3 2.7215390309173477 6.0
2 7 4 1.7976931348623157E308 4.9E-324
2 7 5 1.7976931348623157E308 4.9E-324
2 7 6 1.7976931348623157E308 4.9E-324
2 7 7 1.7976931348623157E308 4.9E-324
2 7 8 1.7976931348623157E308 4.9E-324
2 7 9 1.7976931348623157E308 4.9E-324
2 7 10 1.7976931348623157E308 4.9E-324
2 7 11 1.7976931348623157E308 4.9E-324
2 8 0 0.0 6.243243243243243
2 8 1 4.877656219921283 8.0
2 8 2 4.698414177724998 7.0
2 8 3 5.121539030917347 6.0
2 8 4 1.7976931348623157E308 4.9E-324
2 8 5 1.7976931348623157E308 4.9E-324
2 8 6 1.7976931348623157E308 4.9E-324
2 8 7 1.7976931348623157E308 4.9E-324
2 8 8 1.7976931348623157E308 4.9E-324
2 8 9 1.7976931348623157E308 4.9E-324
2 8 10 1.7976931348623157E308 4.9E-324
2 8 11 1.7976931348623157E308 4.9E-324
2 9 0 1.7976931348623157E308 4.9E-324
2 9 1 4.171645389257746 7.0
2 9 2 3.7716559418753777 6.0
2 9 3 4.211427721215115 5.0
2 9 4 1.7976931348623157E308 4.9E-324
2 9 5 1.7976931348623157E308 4.9E-324
2 9 6 1.7976931348623157E308 4.9E-324
2 9 7 1.7976931348623157E308 4.9E-324
2 9 8 1.7976931348623157E308 4.9E-324
2 9 9 1.7976931348623157E308 4.9E-324
2 9 10 1.7976931348623157E308 4.9E-324
2 9 11 1.7976931348623157E308 4.9E-324
2 10 0 3.823529411764706 4.999999999999999
2 10 1 2.7215390309173477 6.0
2 10 2 2.57464374963667 5.0
2 10 3 3.0239322565748306 4.0
2 10 4 1.7976931348623157E308 4.9E-324
2 10 5 1.7976931348623157E308 4.9E-324
2 10 6 1.7976931348623157E308 4.9E-324
2 10 7 1.7976931348623157E308 4.9E-324
2 10 8 1.7976931348623157E308 4.9E-324
2 10 9 1.7976931348623157E308 4.9E-324
2 10 10 1.7976931348623157E308 4.9E-324
2 10 11 1.7976931348623157E308 4.9E-324
2 11 0 0.0 4.344827586206897
2 11 1 3.5774660663549747 7.0
2 11 2 3.5999999999999996 6.0
2 11 3 3.953694551675882 5.0
2 11 4 1.7976931348623157E308 4.9E-324
2 11 5 1.7976931348623157E308 4.9E-324
2 11 6 1.7976931348623157E308 4.9E-324
2 11 7 1.7976931348623157E308 4.9E-324
2 11 8 1.7976931348623157E308 4.9E-324
2 11 9 1.7976931348623157E308 4.9E-324
2 11 10 1.7976931348623157E308 4.9E-324
2 11 11 1.7976931348623157E308 4.9E-324
3 0 0 4.9E-324 1.7976931348623157E308
3 0 1 0.0 2.0
3 0 2 0.0 3.0
3 0 3 0.0 2.0
3 0 4 0.0 3.2784609690826523
3 0 5 0.0 2.828354610742254
3 0 6 0.0 3.1223437800787166
3 0 7 0.0 3.4225339336450253
3 0 8 0.0 3.4225339336450253
3 0 9 0.0 3.2784609690826523
3 0 10 0.0 3.7297487493731203
3 0 11 0.0 3.5884304343700553
3 1 0 0.0 2.0
3 1 1 4.9E-324 1.7976931348623157E308
3 1 2 0.0 2.0
3 1 3 0.0 3.0
3 1 4 1.176470588235294 5.0
3 1 5 1.7976931348623157E308 4.9E-324
3 1 6 0.756756756756757 7.0
3 1 7 1.6551724137931032 6.0
3 1 8 4.571428571428571 8.0
3 1 9 4.54054054054054 7.0
3 1 10 4.8 6.0
3 1 11 4.54054054054054 7.0
3 2 0 0.0 3.0
3 2 1 0.0 2.0
3 2 2 4.9E-324 1.7976931348623157E308
3 2 3 0.0 2.0
3 2 4 0.0 0.9760677434251696
3 2 5 0.0 0.7885722787848848
3 2 6 0.0 0.8784609690826527
3 2 7 0.0 1.046305448324118
3 2 8 0.0 3.4225339336450253
3 2 9 0.0 3.5884304343700553
3 2 10 0.0 3.7297487493731203
3 2 11 0.0 3.2784609690826523
3 3 0 0.0 2.0
3 3 1 0.0 3.0
3 3 2 0.0 2.0
3 3 3 4.9E-324 1.7976931348623157E308
3 3 4 0.0 2.42535625036333
3 3 5 0.0 2.2283440581246223
3 3 6 0.0 2.301585822275002
3 3 7 0.0 2.4000000000000004
3 3 8 0.0 2.4000000000000004
3 3 9 0.0 2.42535625036333
3 3 10 0.0 2.6666666666666665
3 3 11 0.0 2.42535625036333
3 4 0 2.7215390309173477 6.0
3 4 1 0.0 3.823529411764706
3 4 2 3.0239322565748306 4.0
3 4 3 2.57464374963667 5.0
3 4 4 1.7976931348623157E308 4.9E-324
3 4 5 1.7976931348623157E308 4.9E-324
3 4 6 1.7976931348623157E308 4.9E-324
3 4 7 1.7976931348623157E308 4.9E-324
3 4 8 1.7976931348623157E308 4.9E-324
3 4 9 1.7976931348623157E308 4.9E-324
3 4 10 1.7976931348623157E308 4.9E-324
3 4 11 1.7976931348623157E308 4.9E-324
3 5 0 4.171645389257746 7.0
3 5 1 1.7976931348623157E308 4.9E-324
3 5 2 4.211427721215115 5.0
3 5 3 3.7716559418753777 6.0
3 5 4 1.7976931348623157E308 4.9E-324
3 5 5 1.7976931348623157E308 4.9E-324
3 5 6 1.7976931348623157E308 4.9E-324
3 5 7 1.7976931348623157E308 4.9E-324
3 5 8 1.7976931348623157E308 4.9E-324
3 5 9 1.7976931348623157E308 4.9E-324
3 5 10 1.7976931348623157E308 4.9E-324
3 5 11 1.7976931348623157E308 4.9E-324
3 6 0 4.877656219921283 8.0
3 6 1 0.0 6.243243243243243
3 6 2 5.121539030917347 6.0
3 6 3 4.698414177724998 7.0
3 6 4 1.7976931348623157E308 4.9E-324
3 6 5 1.7976931348623157E308 4.9E-324
3 6 6 1.7976931348623157E308 4.9E-324
3 6 7 1.7976931348623157E308 4.9E-324
3 6 8 1.7976931348623157E308 4.9E-324
3 6 9 1.7976931348623157E308 4.9E-324
3 6 10 1.7976931348623157E308 4.9E-324
3 6 11 1.7976931348623157E308 4.9E-324
3 7 0 3.5774660663549747 7.0
3 7 1 0.0 4.344827586206897
3 7 2 3.953694551675882 5.0
3 7 3 3.5999999999999996 6.0
3 7 4 1.7976931348623157E308 4.9E-324
3 7 5 1.7976931348623157E308 4.9E-324
3 7 6 1.7976931348623157E308 4.9E-324
3 7 7 1.7976931348623157E308 4.9E-324
3 7 8 1.7976931348623157E308 4.9E-324
3 7 9 1.7976931348623157E308 4.9E-324
3 7 10 1.7976931348623157E308 4.9E-324
3 7 11 1.7976931348623157E308 4.9E-324
3 8 0 3.5774660663549747 7.0
3 8 1 0.0 3.4285714285714284
3 8 2 3.5774660663549747 7.0
3 8 3 3.5999999999999996 6.0
3 8 4 1.7976931348623157E308 4.9E-324
3 8 5 1.7976931348623157E308 4.9E-324
3 8 6 1.7976931348623157E308 4.9E-324
3 8 7 1.7976931348623157E308 4.9E-324
3 8 8 1.7976931348623157E308 4.9E-324
3 8 9 1.7976931348623157E308 4.9E-324
3 8 10 1.7976931348623157E308 4.9E-324
3 8 11 1.7976931348623157E308 4.9E-324
3 9 0 2.7215390309173477 6.0
3 9 1 0.0 2.459459459459459
3 9 2 2.4115695656299447 6.0
3 9 3 2.57464374963667 5.0
3 9 4 1.7976931348623157E308 4.9E-324
3 9 5 1.7976931348623157E308 4.9E-324
3 9 6 1.7976931348623157E308 4.9E-324
3 9 7 1.7976931348623157E308 4.9E-324
3 9 8 1.7976931348623157E308 4.9E-324
3 9 9 1.7976931348623157E308 4.9E-324
3 9 10 1.7976931348623157E308 4.9E-324
3 9 11 1.7976931348623157E308 4.9E-324
3 10 0 1.2702512506268797 5.0
3 10 1 0.0 1.2000000000000002
3 10 2 1.2702512506268797 5.0
3 10 3 1.3333333333333335 4.0
3 10 4 1.7976931348623157E308 4.9E-324
3 10 5 1.7976931348623157E308 4.9E-324
3 10 6 1.7976931348623157E308 4.9E-324
3 10 7 1.7976931348623157E308 4.9E-324
3 10 8 1.7976931348623157E308 4.9E-324
3 10 9 1.7976931348623157E308 4.9E-324
3 10 10 1.7976931348623157E308 4.9E-324
3 10 11 1.7976931348623157E308 4.9E-324
3 11 0 2.4115695656299447 6.0
3 11 1 0.0 2.459459459459459
3 11 2 2.7215390309173477 6.0
3 11 3 2.57464374963667 5.0
3 11 4 1.7976931348623157E308 4.9E-324
3 11 5 1.7976931348623157E308 4.9E-324
3 11 6 1.7976931348623157E308 4.9E-324
3 11 7 1.7976931348623157E308 4.9E-324
3 11 8 1.7976931348623157E308 4.9E-324
3 11 9 1.7976931348623157E308 4.9E-324
3 11 10 1.7976931348623157E308 4.9E-324
3 11 11 1.7976931348623157E308 4.9E-324
4 0 0 1.7976931348623157E308 4.9E-324
4 0 1 1.7976931348623157E308 4.9E-324
4 0 2 1.7976931348623157E308 4.9E-324
4 0 3 1.7976931348623157E308 4.9E-324
4 0 4 3.5999999999999996 6.0
4 0 5 3.5774660663549747 7.0
4 0 6 3.428571428571429 8.0
4 0 7 3.5774660663549747 7.0
4 0 8 1.7976931348623157E308 4.9E-324
4 0 9 1.7976931348623157E308 4.9E-324
4 0 10 1.7976931348623157E308 4.9E-324
4 0 11 1.7976931348623157E308 4.9E-324
4 1 0 1.7976931348623157E308 4.9E-324
4 1 1 1.7976931348623157E308 4.9E-324
4 1 2 1.7976931348623157E308 4.9E-324
4 1 3 1.7976931348623157E308 4.9E-324
4 1 4 2.57464374963667 5.0
4 1 5 2.7215390309173477 6.0
4 1 6 2.4594594594594597 7.0
4 1 7 2.4115695656299447 6.0
4 1 8 1.7976931348623157E308 4.9E-324
4 1 9 1.7976931348623157E308 4.9E-324
4 1 10 1.7976931348623157E308 4.9E-324
4 1 11 1.7976931348623157E308 4.9E-324
4 2 0 1.7976931348623157E308 4.9E-324
4 2 1 1.7976931348623157E308 4.9E-324
4 2 2 1.7976931348623157E308 4.9E-324
4 2 3 1.7976931348623157E308 4.9E-324
4 2 4 1.3333333333333335 4.0
4 2 5 1.2702512506268802 5.0
4 2 6 1.1999999999999993 6.0
4 2 7 1.2702512506268802 5.0
4 2 8 1.7976931348623157E308 4.9E-324
4 2 9 1.7976931348623157E308 4.9E-324
4 2 10 1.7976931348623157E308 4.9E-324
4 2 11 1.7976931348623157E308 4.9E-324
4 3 0 1.7976931348623157E308 4.9E-324
4 3 1 1.7976931348623157E308 4.9E-324
4 3 2 1.7976931348623157E308 4.9E-324
4 3 3 1.7976931348623157E308 4.9E-324
4 3 4 2.57464374963667 5.0
4 3 5 2.4115695656299447 6.0
4 3 6 2.4594594594594597 7.0
4 3 7 2.7215390309173477 6.0
4 3 8 1.7976931348623157E308 4.9E-324
4 3 9 1.7976931348623157E308 4.9E-324
4 3 10 1.7976931348623157E308 4.9E-324
4 3 11 1.7976931348623157E308 4.9E-324
4 4 0 0.0 2.4000000000000004
4 4 1 0.0 2.42535625036333
4 4 2 0.0 2.6666666666666665
4 4 3 0.0 2.42535625036333
4 4 4 4.9E-324 1.7976931348623157E308
4 4 5 0.0 2.0
4 4 6 0.0 3.0
4 4 7 0.0 2.0
4 4 8 0.0 2.2188007849009166
4 4 9 0.0 2.262741699796952
4 4 10 0.0 2.1213203435596424
4 4 11 0.0 2.057983021710106
4 5 0 0.0 3.4225339336450253
4 5 1 0.0 3.2784609690826523
4 5 2 0.0 3.72974874937312
4 5 3 0.0 3.5884304343700553
4 5 4 0.0 2.0
4 5 5 4.9E-324 1.7976931348623157E308
4 5 6 0.0 2.0
4 5 7 0.0 3.0
4 5 8 0.0 3.537730640752909
4 5 9 0.0 3.621320343559643
4 5 10 0.0 3.8627416997969517
4 5 11 0.0 3.7358241318593364
4 6 0 0.0 4.571428571428571
4 6 1 0.0 4.54054054054054
4 6 2 0.0 4.800000000000001
4 6 3 0.0 4.54054054054054
4 6 4 0.0 3.0
4 6 5 0.0 2.0
4 6 6 4.9E-324 1.7976931348623157E308
4 6 7 0.0 2.0
4 6 8 2.999999999999999 9.0
4 6 9 3.4054054054054044 9.0
4 6 10 2.463363718453367E-15 3.692307692307691
4 6 11 3.2 8.0
4 7 0 0.0 3.4225339336450253
4 7 1 0.0 3.5884304343700553
4 7 2 0.0 3.72974874937312
4 7 3 0.0 3.2784609690826523
4 7 4 0.0 2.0
4 7 5 0.0 3.0
4 7 6 0.0 2.0
4 7 7 4.9E-324 1.7976931348623157E308
4 7 8 0.0 1.6
4 7 9 0.0 1.906508437755889
4 7 10 0.0 1.8503437719244558
4 7 11 0.0 1.5
4 8 0 1.7976931348623157E308 4.9E-324
4 8 1 1.7976931348623157E308 4.9E-324
4 8 2 1.7976931348623157E308 4.9E-324
4 8 3 1.7976931348623157E308 4.9E-324
4 8 4 5.781199215099083 8.0
4 8 5 5.462269359247091 9.0
4 8 6 0.0 6.000000000000001
4 8 7 6.4 8.0
4 8 8 1.7976931348623157E308 4.9E-324
4 8 9 1.7976931348623157E308 4.9E-324
4 8 10 1.7976931348623157E308 4.9E-324
4 8 11 1.7976931348623157E308 4.9E-324
4 9 0 1.7976931348623157E308 4.9E-324
4 9 1 1.7976931348623157E308 4.9E-324
4 9 2 1.7976931348623157E308 4.9E-324
4 9 3 1.7976931348623157E308 4.9E-324
4 9 4 5.737258300203048 8.0
4 9 5 5.378679656440357 9.0
4 9 6 0.0 5.594594594594596
4 9 7 6.093491562244111 8.0
4 9 8 1.7976931348623157E308 4.9E-324
4 9 9 1.7976931348623157E308 4.9E-324
4 9 10 1.7976931348623157E308 4.9E-324
4 9 11 1.7976931348623157E308 4.9E-324
4 10 0 1.7976931348623157E308 4.9E-324
4 10 1 1.7976931348623157E308 4.9E-324
4 10 2 1.7976931348623157E308 4.9E-324
4 10 3 1.7976931348623157E308 4.9E-324
4 10 4 3.8786796564403576 6.0
4 10 5 4.137258300203048 8.0
4 10 6 4.307692307692308 7.999999999999997
4 10 7 4.1496562280755445 6.0
4 10 8 1.7976931348623157E308 4.9E-324
4 10 9 1.7976931348623157E308 4.9E-324
4 10 10 1.7976931348623157E308 4.9E-324
4 10 11 1.7976931348623157E308 4.9E-324
4 11 0 1.7976931348623157E308 4.9E-324
4 11 1 1.7976931348623157E308 4.9E-324
4 11 2 1.7976931348623157E308 4.9E-324
4 11 3 1.7976931348623157E308 4.9E-324
4 11 4 3.942016978289894 6.0
4 11 5 4.264175868140663 8.0
4 11 6 0.0 4.8
4 11 7 4.5 6.0
4 11 8 1.7976931348623157E308 4.9E-324
4 11 9 1.7976931348623157E308 4.9E-324
4 11 10 1.7976931348623157E308 4.9E-324
4 11 11 1.7976931348623157E308 4.9E-324
5 0 0 1.7976931348623157E308 4.9E-324
5 0 1 1.7976931348623157E308 4.9E-324
5 0 2 1.7976931348623157E308 4.9E-324
5 0 3 1.7976931348623157E308 4.9E-324
5 0 4 5.121539030917347 6.0
5 0 5 4.698414177724998 7.0
5 0 6 4.877656219921283 8.0
5 0 7 6.243243243243238 7.0
5 0 8 1.7976931348623157E308 4.9E-324
5 0 9 1.7976931348623157E308 4.9E-324
5 0 10 1.7976931348623157E308 4.9E-324
5 0 11 1.7976931348623157E308 4.9E-324
5 1 0 1.7976931348623157E308 4.9E-324
5 1 1 1.7976931348623157E308 4.9E-324
5 1 2 1.7976931348623157E308 4.9E-324
5 1 3 1.7976931348623157E308 4.9E-324
5 1 4 3.953694551675882 5.0
5 1 5 3.5999999999999996 6.0
5 1 6 3.577466066354976 7.0
5 1 7 4.344827586206897 5.999999999999998
5 1 8 1.7976931348623157E308 4.9E-324
5 1 9 1.7976931348623157E308 4.9E-324
5 1 10 1.7976931348623157E308 4.9E-324
5 1 11 1.7976931348623157E308 4.9E-324
5 2 0 1.7976931348623157E308 4.9E-324
5 2 1 1.7976931348623157E308 4.9E-324
5 2 2 1.7976931348623157E308 4.9E-324
5 2 3 1.7976931348623157E308 4.9E-324
5 2 4 3.0239322565748306 4.0
5 2 5 2.57464374963667 5.0
5 2 6 2.7215390309173477 6.0
5 2 7 3.8235294117647056 5.0
5 2 8 1.7976931348623157E308 4.9E-324
5 2 9 1.7976931348623157E308 4.9E-324
5 2 10 1.7976931348623157E308 4.9E-324
5 2 11 1.7976931348623157E308 4.9E-324
5 3 0 1.7976931348623157E308 4.9E-324
5 3 1 1.7976931348623157E308 4.9E-324
5 3 2 1.7976931348623157E308 4.9E-324
5 3 3 1.7976931348623157E308 4.9E-324
5 3 4 4.211427721215115 5.0
5 3 5 3.7716559418753777 6.0
5 3 6 4.171645389257742 7.0
5 3 7 1.7976931348623157E308 4.9E-324
5 3 8 1.7976931348623157E308 4.9E-324
5 3 9 1.7976931348623157E308 4.9E-324
5 3 10 1.7976931348623157E308 4.9E-324
5 3 11 1.7976931348623157E308 4.9E-324
5 4 0 0.0 0.8784609690826527
5 4 1 0.0 1.046305448324118
5 4 2 0.0 0.9760677434251696
5 4 3 0.0 0.7885722787848848
5 4 4 4.9E-324 1.7976931348623157E308
5 4 5 0.0 2.0
5 4 6 0.0 3.0
5 4 7 0.0 2.0
5 4 8 0.0 0.6589010549362606
5 4 9 0.0 0.6627416997969519
5 4 10 0.0 0.6213203435596423
5 4 11 0.0 0.6157279928957815
5 5 0 0.0 2.301585822275002
5 5 1 0.0 2.4000000000000004
5 5 2 0.0 2.42535625036333
5 5 3 0.0 2.2283440581246223
5 5 4 0.0 2.0
5 5 5 4.9E-324 1.7976931348623157E308
5 5 6 0.0 2.0
5 5 7 0.0 3.0
5 5 8 0.0 2.092457497388747
5 5 9 0.0 2.121320343559643
5 5 10 0.0 2.262741699796952
5 5 11 0.0 2.2188007849009166
5 6 0 0.0 3.1223437800787166
5 6 1 0.0 3.422533933645024
5 6 2 0.0 3.2784609690826523
5 6 3 0.0 2.8283546107422572
5 6 4 0.0 3.0
5 6 5 0.0 2.0
5 6 6 4.9E-324 1.7976931348623157E308
5 6 7 0.0 2.0
5 6 8 0.0 1.5000000000000002
5 6 9 0.0 1.7426952980194779
5 6 10 0.0 1.906508437755882
5 6 11 0.0 1.6
5 7 0 0.0 0.7567567567567626
5 7 1 1.7763568394002505E-15 1.6551724137931032
5 7 2 0.0 1.1764705882352944
5 7 3 1.7976931348623157E308 4.9E-324
5 7 4 0.0 2.0
5 7 5 0.0 3.0
5 7 6 0.0 2.0
5 7 7 4.9E-324 1.7976931348623157E308
5 7 8 1.7976931348623157E308 4.9E-324
5 7 9 3.552713678800501E-15 8.0
5 7 10 2.6645352591003757E-15 6.0
5 7 11 1.7976931348623157E308 4.9E-324
5 8 0 1.7976931348623157E308 4.9E-324
5 8 1 1.7976931348623157E308 4.9E-324
5 8 2 1.7976931348623157E308 4.9E-324
5 8 3 1.7976931348623157E308 4.9E-324
5 8 4 7.34109894506374 8.0
5 8 5 6.907542502611253 9.0
5 8 6 7.5 9.0
5 8 7 1.7976931348623157E308 4.9E-324
5 8 8 1.7976931348623157E308 4.9E-324
5 8 9 1.7976931348623157E308 4.9E-324
5 8 10 1.7976931348623157E308 4.9E-324
5 8 11 1.7976931348623157E308 4.9E-324
5 9 0 1.7976931348623157E308 4.9E-324
5 9 1 1.7976931348623157E308 4.9E-324
5 9 2 1.7976931348623157E308 4.9E-324
5 9 3 1.7976931348623157E308 4.9E-324
5 9 4 7.3372583002030485 8.0
5 9 5 6.878679656440357 9.0
5 9 6 7.257304701980522 9.0
5 9 7 0.0 7.9999999999999964
5 9 8 1.7976931348623157E308 4.9E-324
5 9 9 1.7976931348623157E308 4.9E-324
5 9 10 1.7976931348623157E308 4.9E-324
5 9 11 1.7976931348623157E308 4.9E-324
5 10 0 1.7976931348623157E308 4.9E-324
5 10 1 1.7976931348623157E308 4.9E-324
5 10 2 1.7976931348623157E308 4.9E-324
5 10 3 1.7976931348623157E308 4.9E-324
5 10 4 5.378679656440358 6.0
5 10 5 5.737258300203048 8.0
5 10 6 6.093491562244118 8.0
5 10 7 0.0 5.999999999999997
5 10 8 1.7976931348623157E308 4.9E-324
5 10 9 1.7976931348623157E308 4.9E-324
5 10 10 1.7976931348623157E308 4.9E-324
5 10 11 1.7976931348623157E308 4.9E-324
5 11 0 1.7976931348623157E308 4.9E-324
5 11 1 1.7976931348623157E308 4.9E-324
5 11 2 1.7976931348623157E308 4.9E-324
5 11 3 1.7976931348623157E308 4.9E-324
5 11 4 5.384272007104219 6.0
5 11 5 5.781199215099083 8.0
5 11 6 6.4 8.0
5 11 7 1.7976931348623157E308 4.9E-324
5 11 8 1.7976931348623157E308 4.9E-324
5 11 9 1.7976931348623157E308 4.9E-324
5 11 10 1.7976931348623157E308 4.9E-324
5 11 11 1.7976931348623157E308 4.9E-324
6 0 0 1.7976931348623157E308 4.9E-324
6 0 1 1.7976931348623157E308 4.9E-324
6 0 2 1.7976931348623157E308 4.9E-324
6 0 3 1.7976931348623157E308 4.9E-324
6 0 4 1.7976931348623157E308 4.9E-324
6 0 5 6.063537281149636 7.0
6 0 6 5.714285714285714 8.0
6 0 7 6.063537281149636 7.0
6 0 8 1.7976931348623157E308 4.9E-324
6 0 9 1.7976931348623157E308 4.9E-324
6 0 10 1.7976931348623157E308 4.9E-324
6 0 11 1.7976931348623157E308 4.9E-324
6 1 0 1.7976931348623157E308 4.9E-324
6 1 1 1.7976931348623157E308 4.9E-324
6 1 2 1.7976931348623157E308 4.9E-324
6 1 3 1.7976931348623157E308 4.9E-324
6 1 4 4.999999999999998 5.0
6 1 5 5.121539030917348 6.0
6 1 6 4.698414177724998 7.0
6 1 7 4.92716839202639 6.0
6 1 8 1.7976931348623157E308 4.9E-324
6 1 9 1.7976931348623157E308 4.9E-324
6 1 10 1.7976931348623157E308 4.9E-324
6 1 11 1.7976931348623157E308 4.9E-324
6 2 0 1.7976931348623157E308 4.9E-324
6 2 1 1.7976931348623157E308 4.9E-324
6 2 2 1.7976931348623157E308 4.9E-324
6 2 3 1.7976931348623157E308 4.9E-324
6 2 4 1.7976931348623157E308 4.9E-324
6 2 5 3.9536945516758815 5.0
6 2 6 3.5999999999999996 6.0
6 2 7 3.9536945516758815 5.0
6 2 8 1.7976931348623157E308 4.9E-324
6 2 9 1.7976931348623157E308 4.9E-324
6 2 10 1.7976931348623157E308 4.9E-324
6 2 11 1.7976931348623157E308 4.9E-324
6 3 0 1.7976931348623157E308 4.9E-324
6 3 1 1.7976931348623157E308 4.9E-324
6 3 2 1.7976931348623157E308 4.9E-324
6 3 3 1.7976931348623157E308 4.9E-324
6 3 4 4.999999999999998 5.0
6 3 5 4.92716839202639 6.0
6 3 6 4.698414177724998 7.0
6 3 7 5.121539030917348 6.0
6 3 8 1.7976931348623157E308 4.9E-324
6 3 9 1.7976931348623157E308 4.9E-324
6 3 10 1.7976931348623157E308 4.9E-324
6 3 11 1.7976931348623157E308 4.9E-324
6 4 0 1.7976931348623157E308 4.9E-324
6 4 1 0.0 2.220446049250313E-15
6 4 2 1.7976931348623157E308 4.9E-324
6 4 3 0.0 2.220446049250313E-15
6 4 4 4.9E-324 1.7976931348623157E308
6 4 5 0.0 2.0
6 4 6 0.0 3.0
6 4 7 0.0 2.0
6 4 8 1.7976931348623157E308 4.9E-324
6 4 9 1.7976931348623157E308 4.9E-324
6 4 10 1.7976931348623157E308 4.9E-324
6 4 11 4.440892098500626E-15 6.0
6 5 0 0.0 0.9364627188503636
6 5 1 0.0 0.878460969082652
6 5 2 0.0 1.0463054483241183
6 5 3 0.0 1.0728316079736104
6 5 4 0.0 2.0
6 5 5 4.9E-324 1.7976931348623157E308
6 5 6 0.0 2.0
6 5 7 0.0 3.0
6 5 8 0.0 1.7426952980194756
6 5 9 0.0 1.5000000000000002
6 5 10 0.0 1.6
6 5 11 0.0 1.906508437755882
6 6 0 0.0 2.2857142857142856
6 6 1 0.0 2.301585822275002
6 6 2 0.0 2.4000000000000004
6 6 3 0.0 2.301585822275002
6 6 4 0.0 3.0
6 6 5 0.0 2.0
6 6 6 4.9E-324 1.7976931348623157E308
6 6 7 0.0 2.0
6 6 8 0.0 2.121320343559643
6 6 9 0.0 2.092457497388747
6 6 10 0.0 2.2188007849009166
6 6 11 0.0 2.262741699796952
6 7 0 0.0 0.9364627188503636
6 7 1 0.0 1.0728316079736104
6 7 2 0.0 1.0463054483241183
6 7 3 0.0 0.878460969082652
6 7 4 0.0 2.0
6 7 5 0.0 3.0
6 7 6 0.0 2.0
6 7 7 4.9E-324 1.7976931348623157E308
6 7 8 0.0 0.6627416997969519
6 7 9 0.0 0.6589010549362619
6 7 10 0.0 0.6157279928957764
6 7 11 0.0 0.6213203435596423
6 8 0 1.7976931348623157E308 4.9E-324
6 8 1 1.7976931348623157E308 4.9E-324
6 8 2 1.7976931348623157E308 4.9E-324
6 8 3 1.7976931348623157E308 4.9E-324
6 8 4 1.7976931348623157E308 4.9E-324
6 8 5 7.257304701980525 9.0
6 8 6 6.878679656440357 9.0
6 8 7 7.3372583002030485 8.0
6 8 8 1.7976931348623157E308 4.9E-324
6 8 9 1.7976931348623157E308 4.9E-324
6 8 10 1.7976931348623157E308 4.9E-324
6 8 11 1.7976931348623157E308 4.9E-324
6 9 0 1.7976931348623157E308 4.9E-324
6 9 1 1.7976931348623157E308 4.9E-324
6 9 2 1.7976931348623157E308 4.9E-324
6 9 3 1.7976931348623157E308 4.9E-324
6 9 4 1.7976931348623157E308 4.9E-324
6 9 5 7.5 9.0
6 9 6 6.907542502611253 9.0
6 9 7 7.341098945063738 8.0
6 9 8 1.7976931348623157E308 4.9E-324
6 9 9 1.7976931348623157E308 4.9E-324
6 9 10 1.7976931348623157E308 4.9E-324
6 9 11 1.7976931348623157E308 4.9E-324
6 10 0 1.7976931348623157E308 4.9E-324
6 10 1 1.7976931348623157E308 4.9E-324
6 10 2 1.7976931348623157E308 4.9E-324
6 10 3 1.7976931348623157E308 4.9E-324
6 10 4 1.7976931348623157E308 4.9E-324
6 10 5 6.4 8.0
6 10 6 5.781199215099083 8.0
6 10 7 5.384272007104224 6.0
6 10 8 1.7976931348623157E308 4.9E-324
6 10 9 1.7976931348623157E308 4.9E-324
6 10 10 1.7976931348623157E308 4.9E-324
6 10 11 1.7976931348623157E308 4.9E-324
6 11 0 1.7976931348623157E308 4.9E-324
6 11 1 1.7976931348623157E308 4.9E-324
6 11 2 1.7976931348623157E308 4.9E-324
6 11 3 1.7976931348623157E308 4.9E-324
6 11 4 0.0 5.999999999999996
6 11 5 6.093491562244118 8.0
6 11 6 5.737258300203048 8.0
6 11 7 5.378679656440358 6.0
6 11 8 1.7976931348623157E308 4.9E-324
6 11 9 1.7976931348623157E308 4.9E-324
6 11 10 1.7976931348623157E308 4.9E-324
6 11 11 1.7976931348623157E308 4.9E-324
7 0 0 1.7976931348623157E308 4.9E-324
7 0 1 1.7976931348623157E308 4.9E-324
7 0 2 1.7976931348623157E308 4.9E-324
7 0 3 1.7976931348623157E308 4.9E-324
7 0 4 5.121539030917347 6.0
7 0 5 6.243243243243238 7.0
7 0 6 4.877656219921283 8.0
7 0 7 4.698414177724998 7.0
7 0 8 1.7976931348623157E308 4.9E-324
7 0 9 1.7976931348623157E308 4.9E-324
7 0 10 1.7976931348623157E308 4.9E-324
7 0 11 1.7976931348623157E308 4.9E-324
7 1 0 1.7976931348623157E308 4.9E-324
7 1 1 1.7976931348623157E308 4.9E-324
7 1 2 1.7976931348623157E308 4.9E-324
7 1 3 1.7976931348623157E308 4.9E-324
7 1 4 4.211427721215115 5.0
7 1 5 1.7976931348623157E308 4.9E-324
7 1 6 4.171645389257742 7.0
7 1 7 3.7716559418753777 6.0
7 1 8 1.7976931348623157E308 4.9E-324
7 1 9 1.7976931348623157E308 4.9E-324
7 1 10 1.7976931348623157E308 4.9E-324
7 1 11 1.7976931348623157E308 4.9E-324
7 2 0 1.7976931348623157E308 4.9E-324
7 2 1 1.7976931348623157E308 4.9E-324
7 2 2 1.7976931348623157E308 4.9E-324
7 2 3 1.7976931348623157E308 4.9E-324
7 2 4 3.0239322565748306 4.0
7 2 5 3.8235294117647056 5.0
7 2 6 2.7215390309173477 6.0
7 2 7 2.57464374963667 5.0
7 2 8 1.7976931348623157E308 4.9E-324
7 2 9 1.7976931348623157E308 4.9E-324
7 2 10 1.7976931348623157E308 4.9E-324
7 2 11 1.7976931348623157E308 4.9E-324
7 3 0 1.7976931348623157E308 4.9E-324
7 3 1 1.7976931348623157E308 4.9E-324
7 3 2 1.7976931348623157E308 4.9E-324
7 3 3 1.7976931348623157E308 4.9E-324
7 3 4 3.953694551675882 5.0
7 3 5 4.344827586206897 5.999999999999998
7 3 6 3.577466066354976 7.0
7 3 7 3.5999999999999996 6.0
7 3 8 1.7976931348623157E308 4.9E-324
7 3 9 1.7976931348623157E308 4.9E-324
7 3 10 1.7976931348623157E308 4.9E-324
7 3 11 1.7976931348623157E308 4.9E-324
7 4 0 0.0 0.8784609690826527
7 4 1 0.0 0.7885722787848848
7 4 2 0.0 0.9760677434251696
7 4 3 0.0 1.046305448324118
7 4 4 4.9E-324 1.7976931348623157E308
7 4 5 0.0 2.0
7 4 6 0.0 3.0
7 4 7 0.0 2.0
7 4 8 0.0 1.906508437755887
7 4 9 0.0 1.6
7 4 10 0.0 1.5
7 4 11 0.0 1.8503437719244558
7 5 0 0.0 0.7567567567567626
7 5 1 1.7976931348623157E308 4.9E-324
7 5 2 0.0 1.1764705882352944
7 5 3 1.7763568394002505E-15 1.6551724137931032
7 5 4 0.0 2.0
7 5 5 4.9E-324 1.7976931348623157E308
7 5 6 0.0 2.0
7 5 7 0.0 3.0
7 5 8 5.4183408911977136E-15 3.4054054054054035
7 5 9 2.999999999999999 9.0
7 5 10 3.2 8.0
7 5 11 3.552713678800501E-15 3.6923076923076903
7 6 0 0.0 3.1223437800787166
7 6 1 0.0 2.8283546107422572
7 6 2 0.0 3.2784609690826523
7 6 3 0.0 3.422533933645024
7 6 4 0.0 3.0
7 6 5 0.0 2.0
7 6 6 4.9E-324 1.7976931348623157E308
7 6 7 0.0 2.0
7 6 8 0.0 3.621320343559643
7 6 9 0.0 3.537730640752912
7 6 10 0.0 3.735824131859337
7 6 11 0.0 3.8627416997969517
7 7 0 0.0 2.301585822275002
7 7 1 0.0 2.2283440581246223
7 7 2 0.0 2.42535625036333
7 7 3 0.0 2.4000000000000004
7 7 4 0.0 2.0
7 7 5 0.0 3.0
7 7 6 0.0 2.0
7 7 7 4.9E-324 1.7976931348623157E308
7 7 8 0.0 2.262741699796952
7 7 9 0.0 2.2188007849009166
7 7 10 0.0 2.057983021710106
7 7 11 0.0 2.1213203435596424
7 8 0 1.7976931348623157E308 4.9E-324
7 8 1 1.7976931348623157E308 4.9E-324
7 8 2 1.7976931348623157E308 4.9E-324
7 8 3 1.7976931348623157E308 4.9E-324
7 8 4 6.093491562244113 8.0
7 8 5 5.5945945945945965 8.999999999999995
7 8 6 5.378679656440357 9.0
7 8 7 5.737258300203048 8.0
7 8 8 1.7976931348623157E308 4.9E-324
7 8 9 1.7976931348623157E308 4.9E-324
7 8 10 1.7976931348623157E308 4.9E-324
7 8 11 1.7976931348623157E308 4.9E-324
7 9 0 1.7976931348623157E308 4.9E-324
7 9 1 1.7976931348623157E308 4.9E-324
7 9 2 1.7976931348623157E308 4.9E-324
7 9 3 1.7976931348623157E308 4.9E-324
7 9 4 6.4 8.0
7 9 5 0.0 6.000000000000001
7 9 6 5.462269359247088 9.0
7 9 7 5.781199215099083 8.0
7 9 8 1.7976931348623157E308 4.9E-324
7 9 9 1.7976931348623157E308 4.9E-324
7 9 10 1.7976931348623157E308 4.9E-324
7 9 11 1.7976931348623157E308 4.9E-324
7 10 0 1.7976931348623157E308 4.9E-324
7 10 1 1.7976931348623157E308 4.9E-324
7 10 2 1.7976931348623157E308 4.9E-324
7 10 3 1.7976931348623157E308 4.9E-324
7 10 4 4.5 6.0
7 10 5 0.0 4.8
7 10 6 4.264175868140663 8.0
7 10 7 3.942016978289894 6.0
7 10 8 1.7976931348623157E308 4.9E-324
7 10 9 1.7976931348623157E308 4.9E-324
7 10 10 1.7976931348623157E308 4.9E-324
7 10 11 1.7976931348623157E308 4.9E-324
7 11 0 1.7976931348623157E308 4.9E-324
7 11 1 1.7976931348623157E308 4.9E-324
7 11 2 1.7976931348623157E308 4.9E-324
7 11 3 1.7976931348623157E308 4.9E-324
7 11 4 4.1496562280755445 6.0
7 11 5 4.30769230769231 7.9999999999999964
7 11 6 4.137258300203048 8.0
7 11 7 3.8786796564403576 6.0
7 11 8 1.7976931348623157E308 4.9E-324
7 11 9 1.7976931348623157E308 4.9E-324
7 11 10 1.7976931348623157E308 4.9E-324
7 11 11 1.7976931348623157E308 4.9E-324
8 0 0 1.7976931348623157E308 4.9E-324
8 0 1 1.7976931348623157E308 4.9E-324
8 0 2 1.7976931348623157E308 4.9E-324
8 0 3 1.7976931348623157E308 4.9E-324
8 0 4 1.7976931348623157E308 4.9E-324
8 0 5 1.7976931348623157E308 4.9E-324
8 0 6 1.7976931348623157E308 4.9E-324
8 0 7 1.7976931348623157E308 4.9E-324
8 0 8 4.698414177724998 7.0
8 0 9 5.121539030917348 6.0
8 0 10 1.7976931348623157E308 4.9E-324
8 0 11 4.92716839202639 6.0
8 1 0 1.7976931348623157E308 4.9E-324
8 1 1 1.7976931348623157E308 4.9E-324
8 1 2 1.7976931348623157E308 4.9E-324
8 1 3 1.7976931348623157E308 4.9E-324
8 1 4 1.7976931348623157E308 4.9E-324
8 1 5 1.7976931348623157E308 4.9E-324
8 1 6 1.7976931348623157E308 4.9E-324
8 1 7 1.7976931348623157E308 4.9E-324
8 1 8 5.714285714285714 8.0
8 1 9 6.063537281149639 7.0
8 1 10 1.7976931348623157E308 4.9E-324
8 1 11 6.063537281149639 7.0
8 2 0 1.7976931348623157E308 4.9E-324
8 2 1 1.7976931348623157E308 4.9E-324
8 2 2 1.7976931348623157E308 4.9E-324
8 2 3 1.7976931348623157E308 4.9E-324
8 2 4 1.7976931348623157E308 4.9E-324
8 2 5 1.7976931348623157E308 4.9E-324
8 2 6 1.7976931348623157E308 4.9E-324
8 2 7 1.7976931348623157E308 4.9E-324
8 2 8 4.698414177724998 7.0
8 2 9 4.92716839202639 6.0
8 2 10 1.7976931348623157E308 4.9E-324
8 2 11 5.121539030917348 6.0
8 3 0 1.7976931348623157E308 4.9E-324
8 3 1 1.7976931348623157E308 4.9E-324
8 3 2 1.7976931348623157E308 4.9E-324
8 3 3 1.7976931348623157E308 4.9E-324
8 3 4 1.7976931348623157E308 4.9E-324
8 3 5 1.7976931348623157E308 4.9E-324
8 3 6 1.7976931348623157E308 4.9E-324
8 3 7 1.7976931348623157E308 4.9E-324
8 3 8 3.5999999999999996 6.0
8 3 9 3.9536945516758815 5.0
8 3 10 1.7976931348623157E308 4.9E-324
8 3 11 3.9536945516758815 5.0
8 4 0 1.7976931348623157E308 4.9E-324
8 4 1 1.7976931348623157E308 4.9E-324
8 4 2 1.7976931348623157E308 4.9E-324
8 4 3 1.7976931348623157E308 4.9E-324
8 4 4 1.7976931348623157E308 4.9E-324
8 4 5 1.7976931348623157E308 4.9E-324
8 4 6 1.7976931348623157E308 4.9E-324
8 4 7 1.7976931348623157E308 4.9E-324
8 4 8 5.781199215099083 8.0
8 4 9 6.4 8.0
8 4 10 1.7976931348623157E308 4.9E-324
8 4 11 5.384272007104228 6.0
8 5 0 1.7976931348623157E308 4.9E-324
8 5 1 1.7976931348623157E308 4.9E-324
8 5 2 1.7976931348623157E308 4.9E-324
8 5 3 1.7976931348623157E308 4.9E-324
8 5 4 1.7976931348623157E308 4.9E-324
8 5 5 1.7976931348623157E308 4.9E-324
8 5 6 1.7976931348623157E308 4.9E-324
8 5 7 1.7976931348623157E308 4.9E-324
8 5 8 6.907542502611253 9.0
8 5 9 7.5 9.0
8 5 10 1.7976931348623157E308 4.9E-324
8 5 11 7.341098945063739 8.0
8 6 0 1.7976931348623157E308 4.9E-324
8 6 1 1.7976931348623157E308 4.9E-324
8 6 2 1.7976931348623157E308 4.9E-324
8 6 3 1.7976931348623157E308 4.9E-324
8 6 4 1.7976931348623157E308 4.9E-324
8 6 5 1.7976931348623157E308 4.9E-324
8 6 6 1.7976931348623157E308 4.9E-324
8 6 7 1.7976931348623157E308 4.9E-324
8 6 8 6.878679656440357 9.0
8 6 9 7.257304701980519 9.0
8 6 10 1.7976931348623157E308 4.9E-324
8 6 11 7.3372583002030485 8.0
8 7 0 1.7976931348623157E308 4.9E-324
8 7 1 1.7976931348623157E308 4.9E-324
8 7 2 1.7976931348623157E308 4.9E-324
8 7 3 1.7976931348623157E308 4.9E-324
8 7 4 1.7976931348623157E308 4.9E-324
8 7 5 1.7976931348623157E308 4.9E-324
8 7 6 1.7976931348623157E308 4.9E-324
8 7 7 1.7976931348623157E308 4.9E-324
8 7 8 5.737258300203048 8.0
8 7 9 6.093491562244111 8.0
8 7 10 1.7976931348623157E308 4.9E-324
8 7 11 5.378679656440357 6.0
8 8 0 0.0 2.301585822275002
8 8 1 0.0 2.2857142857142856
8 8 2 0.0 2.301585822275002
8 8 3 0.0 2.4000000000000004
8 8 4 0.0 2.2188007849009166
8 8 5 0.0 2.092457497388747
8 8 6 0.0 2.121320343559643
8 8 7 0.0 2.262741699796952
8 8 8 4.9E-324 1.7976931348623157E308
8 8 9 0.0 2.0
8 8 10 0.0 3.0
8 8 11 0.0 2.0
8 9 0 0.0 0.878460969082652
8 9 1 0.0 0.9364627188503615
8 9 2 0.0 1.0728316079736104
8 9 3 0.0 1.0463054483241183
8 9 4 0.0 1.6
8 9 5 0.0 1.5000000000000002
8 9 6 0.0 1.7426952980194812
8 9 7 0.0 1.906508437755889
8 9 8 0.0 2.0
8 9 9 4.9E-324 1.7976931348623157E308
8 9 10 0.0 2.0
8 9 11 0.0 3.0
8 10 0 1.7976931348623157E308 4.9E-324
8 10 1 1.7976931348623157E308 4.9E-324
8 10 2 1.7976931348623157E308 4.9E-324
8 10 3 1.7976931348623157E308 4.9E-324
8 10 4 1.7976931348623157E308 4.9E-324
8 10 5 1.7976931348623157E308 4.9E-324
8 10 6 1.7976931348623157E308 4.9E-324
8 10 7 1.7976931348623157E308 4.9E-324
8 10 8 0.0 3.0
8 10 9 0.0 2.0
8 10 10 4.9E-324 1.7976931348623157E308
8 10 11 0.0 2.0
8 11 0 0.0 1.0728316079736104
8 11 1 0.0 0.9364627188503615
8 11 2 0.0 0.878460969082652
8 11 3 0.0 1.0463054483241183
8 11 4 0.0 0.615727992895772
8 11 5 0.0 0.658901054936261
8 11 6 0.0 0.662741699796952
8 11 7 0.0 0.6213203435596425
8 11 8 0.0 2.0
8 11 9 0.0 3.0
8 11 10 0.0 2.0
8 11 11 4.9E-324 1.7976931348623157E308
9 0 0 1.7976931348623157E308 4.9E-324
9 0 1 1.7976931348623157E308 4.9E-324
9 0 2 1.7976931348623157E308 4.9E-324
9 0 3 1.7976931348623157E308 4.9E-324
9 0 4 1.7976931348623157E308 4.9E-324
9 0 5 1.7976931348623157E308 4.9E-324
9 0 6 1.7976931348623157E308 4.9E-324
9 0 7 1.7976931348623157E308 4.9E-324
9 0 8 3.5774660663549747 7.0
9 0 9 3.5999999999999996 6.0
9 0 10 3.953694551675882 5.0
9 0 11 4.344827586206897 6.0
9 1 0 1.7976931348623157E308 4.9E-324
9 1 1 1.7976931348623157E308 4.9E-324
9 1 2 1.7976931348623157E308 4.9E-324
9 1 3 1.7976931348623157E308 4.9E-324
9 1 4 1.7976931348623157E308 4.9E-324
9 1 5 1.7976931348623157E308 4.9E-324
9 1 6 1.7976931348623157E308 4.9E-324
9 1 7 1.7976931348623157E308 4.9E-324
9 1 8 4.877656219921283 8.0
9 1 9 4.698414177724998 7.0
9 1 10 5.121539030917347 6.0
9 1 11 6.243243243243243 7.0
9 2 0 1.7976931348623157E308 4.9E-324
9 2 1 1.7976931348623157E308 4.9E-324
9 2 2 1.7976931348623157E308 4.9E-324
9 2 3 1.7976931348623157E308 4.9E-324
9 2 4 1.7976931348623157E308 4.9E-324
9 2 5 1.7976931348623157E308 4.9E-324
9 2 6 1.7976931348623157E308 4.9E-324
9 2 7 1.7976931348623157E308 4.9E-324
9 2 8 4.171645389257746 7.0
9 2 9 3.7716559418753777 6.0
9 2 10 4.211427721215115 5.0
9 2 11 1.7976931348623157E308 4.9E-324
9 3 0 1.7976931348623157E308 4.9E-324
9 3 1 1.7976931348623157E308 4.9E-324
9 3 2 1.7976931348623157E308 4.9E-324
9 3 3 1.7976931348623157E308 4.9E-324
9 3 4 1.7976931348623157E308 4.9E-324
9 3 5 1.7976931348623157E308 4.9E-324
9 3 6 1.7976931348623157E308 4.9E-324
9 3 7 1.7976931348623157E308 4.9E-324
9 3 8 2.7215390309173477 6.0
9 3 9 2.57464374963667 5.0
9 3 10 3.0239322565748306 4.0
9 3 11 3.823529411764706 5.0
9 4 0 1.7976931348623157E308 4.9E-324
9 4 1 1.7976931348623157E308 4.9E-324
9 4 2 1.7976931348623157E308 4.9E-324
9 4 3 1.7976931348623157E308 4.9E-324
9 4 4 1.7976931348623157E308 4.9E-324
9 4 5 1.7976931348623157E308 4.9E-324
9 4 6 1.7976931348623157E308 4.9E-324
9 4 7 1.7976931348623157E308 4.9E-324
9 4 8 6.093491562244113 8.0
9 4 9 5.737258300203048 8.0
9 4 10 5.378679656440357 6.0
9 4 11 1.7976931348623157E308 4.9E-324
9 5 0 1.7976931348623157E308 4.9E-324
9 5 1 1.7976931348623157E308 4.9E-324
9 5 2 1.7976931348623157E308 4.9E-324
9 5 3 1.7976931348623157E308 4.9E-324
9 5 4 1.7976931348623157E308 4.9E-324
9 5 5 1.7976931348623157E308 4.9E-324
9 5 6 1.7976931348623157E308 4.9E-324
9 5 7 1.7976931348623157E308 4.9E-324
9 5 8 7.25730470198052 9.0
9 5 9 6.878679656440357 9.0
9 5 10 7.3372583002030485 8.0
9 5 11 1.7976931348623157E308 4.9E-324
9 6 0 1.7976931348623157E308 4.9E-324
9 6 1 1.7976931348623157E308 4.9E-324
9 6 2 1.7976931348623157E308 4.9E-324
9 6 3 1.7976931348623157E308 4.9E-324
9 6 4 1.7976931348623157E308 4.9E-324
9 6 5 1.7976931348623157E308 4.9E-324
9 6 6 1.7976931348623157E308 4.9E-324
9 6 7 1.7976931348623157E308 4.9E-324
9 6 8 7.5 9.0
9 6 9 6.907542502611253 9.0
9 6 10 7.341098945063739 8.0
9 6 11 1.7976931348623157E308 4.9E-324
9 7 0 1.7976931348623157E308 4.9E-324
9 7 1 1.7976931348623157E308 4.9E-324
9 7 2 1.7976931348623157E308 4.9E-324
9 7 3 1.7976931348623157E308 4.9E-324
9 7 4 1.7976931348623157E308 4.9E-324
9 7 5 1.7976931348623157E308 4.9E-324
9 7 6 1.7976931348623157E308 4.9E-324
9 7 7 1.7976931348623157E308 4.9E-324
9 7 8 6.4 8.0
9 7 9 5.781199215099083 8.0
9 7 10 5.384272007104225 6.0
9 7 11 1.7976931348623157E308 4.9E-324
9 8 0 0.0 3.4225339336450253
9 8 1 0.0 3.1223437800787166
9 8 2 0.0 2.828354610742254
9 8 3 0.0 3.2784609690826523
9 8 4 0.0 1.9065084377558867
9 8 5 0.0 1.7426952980194794
9 8 6 0.0 1.5000000000000002
9 8 7 0.0 1.6
9 8 8 4.9E-324 1.7976931348623157E308
9 8 9 0.0 2.0
9 8 10 0.0 3.0
9 8 11 0.0 2.0
9 9 0 0.0 2.4000000000000004
9 9 1 0.0 2.301585822275002
9 9 2 0.0 2.2283440581246223
9 9 3 0.0 2.42535625036333
9 9 4 0.0 2.262741699796952
9 9 5 0.0 2.121320343559643
9 9 6 0.0 2.092457497388747
9 9 7 0.0 2.2188007849009166
9 9 8 0.0 2.0
9 9 9 4.9E-324 1.7976931348623157E308
9 9 10 0.0 2.0
9 9 11 0.0 3.0
9 10 0 0.0 1.046305448324118
9 10 1 0.0 0.8784609690826527
9 10 2 0.0 0.7885722787848848
9 10 3 0.0 0.9760677434251696
9 10 4 0.0 0.6213203435596425
9 10 5 0.0 0.662741699796952
9 10 6 0.0 0.6589010549362613
9 10 7 0.0 0.6157279928957747
9 10 8 0.0 3.0
9 10 9 0.0 2.0
9 10 10 4.9E-324 1.7976931348623157E308
9 10 11 0.0 2.0
9 11 0 0.0 1.6551724137931036
9 11 1 0.0 0.7567567567567572
9 11 2 1.7976931348623157E308 4.9E-324
9 11 3 0.0 1.176470588235294
9 11 4 1.7976931348623157E308 4.9E-324
9 11 5 1.7976931348623157E308 4.9E-324
9 11 6 1.7976931348623157E308 4.9E-324
9 11 7 1.7976931348623157E308 4.9E-324
9 11 8 0.0 2.0
9 11 9 0.0 3.0
9 11 10 0.0 2.0
9 11 11 4.9E-324 1.7976931348623157E308
10 0 0 1.7976931348623157E308 4.9E-324
10 0 1 1.7976931348623157E308 4.9E-324
10 0 2 1.7976931348623157E308 4.9E-324
10 0 3 1.7976931348623157E308 4.9E-324
10 0 4 1.7976931348623157E308 4.9E-324
10 0 5 1.7976931348623157E308 4.9E-324
10 0 6 1.7976931348623157E308 4.9E-324
10 0 7 1.7976931348623157E308 4.9E-324
10 0 8 2.4594594594594597 7.0
10 0 9 2.7215390309173477 6.0
10 0 10 2.57464374963667 5.0
10 0 11 2.4115695656299447 6.0
10 1 0 1.7976931348623157E308 4.9E-324
10 1 1 1.7976931348623157E308 4.9E-324
10 1 2 1.7976931348623157E308 4.9E-324
10 1 3 1.7976931348623157E308 4.9E-324
10 1 4 1.7976931348623157E308 4.9E-324
10 1 5 1.7976931348623157E308 4.9E-324
10 1 6 1.7976931348623157E308 4.9E-324
10 1 7 1.7976931348623157E308 4.9E-324
10 1 8 3.428571428571429 8.0
10 1 9 3.5774660663549747 7.0
10 1 10 3.5999999999999996 6.0
10 1 11 3.5774660663549747 7.0
10 2 0 1.7976931348623157E308 4.9E-324
10 2 1 1.7976931348623157E308 4.9E-324
10 2 2 1.7976931348623157E308 4.9E-324
10 2 3 1.7976931348623157E308 4.9E-324
10 2 4 1.7976931348623157E308 4.9E-324
10 2 5 1.7976931348623157E308 4.9E-324
10 2 6 1.7976931348623157E308 4.9E-324
10 2 7 1.7976931348623157E308 4.9E-324
10 2 8 2.4594594594594597 7.0
10 2 9 2.4115695656299447 6.0
10 2 10 2.57464374963667 5.0
10 2 11 2.7215390309173477 6.0
10 3 0 1.7976931348623157E308 4.9E-324
10 3 1 1.7976931348623157E308 4.9E-324
10 3 2 1.7976931348623157E308 4.9E-324
10 3 3 1.7976931348623157E308 4.9E-324
10 3 4 1.7976931348623157E308 4.9E-324
10 3 5 1.7976931348623157E308 4.9E-324
10 3 6 1.7976931348623157E308 4.9E-324
10 3 7 1.7976931348623157E308 4.9E-324
10 3 8 1.1999999999999993 6.0
10 3 9 1.2702512506268797 5.0
10 3 10 1.3333333333333335 4.0
10 3 11 1.2702512506268797 5.0
10 4 0 1.7976931348623157E308 4.9E-324
10 4 1 1.7976931348623157E308 4.9E-324
10 4 2 1.7976931348623157E308 4.9E-324
10 4 3 1.7976931348623157E308 4.9E-324
10 4 4 1.7976931348623157E308 4.9E-324
10 4 5 1.7976931348623157E308 4.9E-324
10 4 6 1.7976931348623157E308 4.9E-324
10 4 7 1.7976931348623157E308 4.9E-324
10 4 8 4.3076923076923075 8.0
10 4 9 4.137258300203048 8.0
10 4 10 3.8786796564403576 6.0
10 4 11 4.149656228075546 6.0
10 5 0 1.7976931348623157E308 4.9E-324
10 5 1 1.7976931348623157E308 4.9E-324
10 5 2 1.7976931348623157E308 4.9E-324
10 5 3 1.7976931348623157E308 4.9E-324
10 5 4 1.7976931348623157E308 4.9E-324
10 5 5 1.7976931348623157E308 4.9E-324
10 5 6 1.7976931348623157E308 4.9E-324
10 5 7 1.7976931348623157E308 4.9E-324
10 5 8 5.5945945945945965 9.0
10 5 9 5.378679656440357 9.0
10 5 10 5.737258300203048 8.0
10 5 11 6.093491562244113 8.0
10 6 0 1.7976931348623157E308 4.9E-324
10 6 1 1.7976931348623157E308 4.9E-324
10 6 2 1.7976931348623157E308 4.9E-324
10 6 3 1.7976931348623157E308 4.9E-324
10 6 4 1.7976931348623157E308 4.9E-324
10 6 5 1.7976931348623157E308 4.9E-324
10 6 6 1.7976931348623157E308 4.9E-324
10 6 7 1.7976931348623157E308 4.9E-324
10 6 8 6.0 9.0
10 6 9 5.462269359247087 9.0
10 6 10 5.781199215099083 8.0
10 6 11 6.4 8.0
10 7 0 1.7976931348623157E308 4.9E-324
10 7 1 1.7976931348623157E308 4.9E-324
10 7 2 1.7976931348623157E308 4.9E-324
10 7 3 1.7976931348623157E308 4.9E-324
10 7 4 1.7976931348623157E308 4.9E-324
10 7 5 1.7976931348623157E308 4.9E-324
10 7 6 1.7976931348623157E308 4.9E-324
10 7 7 1.7976931348623157E308 4.9E-324
10 7 8 4.8 8.0
10 7 9 4.2641758681406605 8.0
10 7 10 3.942016978289894 6.0
10 7 11 4.5 6.0
10 8 0 0.0 4.54054054054054
10 8 1 0.0 4.571428571428571
10 8 2 0.0 4.54054054054054
10 8 3 0.0 4.800000000000001
10 8 4 0.0 3.6923076923076925
10 8 5 0.0 3.405405405405404
10 8 6 0.0 3.0000000000000004
10 8 7 0.0 3.2
10 8 8 4.9E-324 1.7976931348623157E308
10 8 9 0.0 2.0
10 8 10 0.0 3.0
10 8 11 0.0 2.0
10 9 0 0.0 3.2784609690826523
10 9 1 0.0 3.4225339336450253
10 9 2 0.0 3.5884304343700553
10 9 3 0.0 3.7297487493731203
10 9 4 0.0 3.8627416997969517
10 9 5 0.0 3.621320343559643
10 9 6 0.0 3.5377306407529128
10 9 7 0.0 3.7358241318593395
10 9 8 0.0 2.0
10 9 9 4.9E-324 1.7976931348623157E308
10 9 10 0.0 2.0
10 9 11 0.0 3.0
10 10 0 0.0 2.42535625036333
10 10 1 0.0 2.4000000000000004
10 10 2 0.0 2.42535625036333
10 10 3 0.0 2.6666666666666665
10 10 4 0.0 2.1213203435596424
10 10 5 0.0 2.262741699796952
10 10 6 0.0 2.2188007849009166
10 10 7 0.0 2.057983021710106
10 10 8 0.0 3.0
10 10 9 0.0 2.0
10 10 10 4.9E-324 1.7976931348623157E308
10 10 11 0.0 2.0
10 11 0 0.0 3.5884304343700553
10 11 1 0.0 3.4225339336450253
10 11 2 0.0 3.2784609690826523
10 11 3 0.0 3.7297487493731203
10 11 4 0.0 1.8503437719244538
10 11 5 0.0 1.9065084377558867
10 11 6 0.0 1.6
10 11 7 0.0 1.5
10 11 8 0.0 2.0
10 11 9 0.0 3.0
10 11 10 0.0 2.0
10 11 11 4.9E-324 1.7976931348623157E308
11 0 0 1.7976931348623157E308 4.9E-324
11 0 1 1.7976931348623157E308 4.9E-324
11 0 2 1.7976931348623157E308 4.9E-324
11 0 3 1.7976931348623157E308 4.9E-324
11 0 4 1.7976931348623157E308 4.9E-324
11 0 5 1.7976931348623157E308 4.9E-324
11 0 6 1.7976931348623157E308 4.9E-324
11 0 7 1.7976931348623157E308 4.9E-324
11 0 8 4.171645389257746 7.0
11 0 9 1.7976931348623157E308 4.9E-324
11 0 10 4.211427721215115 5.0
11 0 11 3.7716559418753777 6.0
11 1 0 1.7976931348623157E308 4.9E-324
11 1 1 1.7976931348623157E308 4.9E-324
11 1 2 1.7976931348623157E308 4.9E-324
11 1 3 1.7976931348623157E308 4.9E-324
11 1 4 1.7976931348623157E308 4.9E-324
11 1 5 1.7976931348623157E308 4.9E-324
11 1 6 1.7976931348623157E308 4.9E-324
11 1 7 1.7976931348623157E308 4.9E-324
11 1 8 4.877656219921283 8.0
11 1 9 6.243243243243243 7.0
11 1 10 5.121539030917347 6.0
11 1 11 4.698414177724998 7.0
11 2 0 1.7976931348623157E308 4.9E-324
11 2 1 1.7976931348623157E308 4.9E-324
11 2 2 1.7976931348623157E308 4.9E-324
11 2 3 1.7976931348623157E308 4.9E-324
11 2 4 1.7976931348623157E308 4.9E-324
11 2 5 1.7976931348623157E308 4.9E-324
11 2 6 1.7976931348623157E308 4.9E-324
11 2 7 1.7976931348623157E308 4.9E-324
11 2 8 3.5774660663549747 7.0
11 2 9 4.344827586206897 6.0
11 2 10 3.953694551675882 5.0
11 2 11 3.5999999999999996 6.0
11 3 0 1.7976931348623157E308 4.9E-324
11 3 1 1.7976931348623157E308 4.9E-324
11 3 2 1.7976931348623157E308 4.9E-324
11 3 3 1.7976931348623157E308 4.9E-324
11 3 4 1.7976931348623157E308 4.9E-324
11 3 5 1.7976931348623157E308 4.9E-324
11 3 6 1.7976931348623157E308 4.9E-324
11 3 7 1.7976931348623157E308 4.9E-324
11 3 8 2.7215390309173477 6.0
11 3 9 3.823529411764706 5.0
11 3 10 3.0239322565748306 4.0
11 3 11 2.57464374963667 5.0
11 4 0 1.7976931348623157E308 4.9E-324
11 4 1 1.7976931348623157E308 4.9E-324
11 4 2 1.7976931348623157E308 4.9E-324
11 4 3 1.7976931348623157E308 4.9E-324
11 4 4 1.7976931348623157E308 4.9E-324
11 4 5 1.7976931348623157E308 4.9E-324
11 4 6 1.7976931348623157E308 4.9E-324
11 4 7 1.7976931348623157E308 4.9E-324
11 4 8 4.264175868140661 8.0
11 4 9 4.8 8.0
11 4 10 4.5 6.0
11 4 11 3.942016978289894 6.0
11 5 0 1.7976931348623157E308 4.9E-324
11 5 1 1.7976931348623157E308 4.9E-324
11 5 2 1.7976931348623157E308 4.9E-324
11 5 3 1.7976931348623157E308 4.9E-324
11 5 4 1.7976931348623157E308 4.9E-324
11 5 5 1.7976931348623157E308 4.9E-324
11 5 6 1.7976931348623157E308 4.9E-324
11 5 7 1.7976931348623157E308 4.9E-324
11 5 8 5.462269359247089 9.0
11 5 9 6.0 9.0
11 5 10 6.4 8.0
11 5 11 5.781199215099083 8.0
11 6 0 1.7976931348623157E308 4.9E-324
11 6 1 1.7976931348623157E308 4.9E-324
11 6 2 1.7976931348623157E308 4.9E-324
11 6 3 1.7976931348623157E308 4.9E-324
11 6 4 1.7976931348623157E308 4.9E-324
11 6 5 1.7976931348623157E308 4.9E-324
11 6 6 1.7976931348623157E308 4.9E-324
11 6 7 1.7976931348623157E308 4.9E-324
11 6 8 5.378679656440357 9.0
11 6 9 5.5945945945945965 8.999999999999998
11 6 10 6.093491562244113 8.0
11 6 11 5.737258300203048 8.0
11 7 0 1.7976931348623157E308 4.9E-324
11 7 1 1.7976931348623157E308 4.9E-324
11 7 2 1.7976931348623157E308 4.9E-324
11 7 3 1.7976931348623157E308 4.9E-324
11 7 4 1.7976931348623157E308 4.9E-324
11 7 5 1.7976931348623157E308 4.9E-324
11 7 6 1.7976931348623157E308 4.9E-324
11 7 7 1.7976931348623157E308 4.9E-324
11 7 8 4.137258300203048 8.0
11 7 9 4.307692307692307 8.0
11 7 10 4.149656228075546 6.0
11 7 11 3.8786796564403576 6.0
11 8 0 0.0 2.828354610742254
11 8 1 0.0 3.1223437800787166
11 8 2 0.0 3.4225339336450253
11 8 3 0.0 3.2784609690826523
11 8 4 0.0 3.7358241318593386
11 8 5 0.0 3.537730640752911
11 8 6 0.0 3.621320343559643
11 8 7 0.0 3.8627416997969517
11 8 8 4.9E-324 1.7976931348623157E308
11 8 9 0.0 2.0
11 8 10 0.0 3.0
11 8 11 0.0 2.0
11 9 0 1.7976931348623157E308 4.9E-324
11 9 1 0.0 0.7567567567567572
11 9 2 0.0 1.6551724137931036
11 9 3 0.0 1.176470588235294
11 9 4 0.0 3.2
11 9 5 0.0 3.0000000000000004
11 9 6 1.7763568394002505E-15 3.4054054054054035
11 9 7 0.0 3.692307692307693
11 9 8 0.0 2.0
11 9 9 4.9E-324 1.7976931348623157E308
11 9 10 0.0 2.0
11 9 11 0.0 3.0
11 10 0 0.0 0.7885722787848848
11 10 1 0.0 0.8784609690826527
11 10 2 0.0 1.046305448324118
11 10 3 0.0 0.9760677434251696
11 10 4 0.0 1.5
11 10 5 0.0 1.6
11 10 6 0.0 1.906508437755887
11 10 7 0.0 1.8503437719244538
11 10 8 0.0 3.0
11 10 9 0.0 2.0
11 10 10 4.9E-324 1.7976931348623157E308
11 10 11 0.0 2.0
11 11 0 0.0 2.2283440581246223
11 11 1 0.0 2.301585822275002
11 11 2 0.0 2.4000000000000004
11 11 3 0.0 2.42535625036333
11 11 4 0.0 2.057983021710106
11 11 5 0.0 2.2188007849009166
11 11 6 0.0 2.262741699796952
11 11 7 0.0 2.1213203435596424
11 11 8 0.0 2.0
11 11 9 0.0 3.0
11 11 10 0.0 2.0
11 11 11 4.9E-324 1.7976931348623157E308
